训练集
word_vector数据
min: 1
max: 169
average: 6.699211638491548
middle: 3
正负样例数据
begign: 61520
malicious: 61520
测试集
min: 1
max: 129
average: 6.755115297174407
middle: 3
填充至169
存在部分word_vector相同，但有的benign有的malicious，这部分考虑删除原始数据？或者用比例大的来预测？

